< Start solution by hill-climbing ... >
======================================
RUN1   2018-12-03 18:34:37.086224
======================================
Search 1, Board Attacks: 4   Current solution is[8, 15, 20, 29, 32, 0, 12, 14, 23, 36, 30, 39, 37, 22, 44, 2, 28, 10, 45, 11, 19, 40, 35, 26, 24, 1, 16, 49, 6, 33, 41, 25, 5, 18, 9, 3, 17, 42, 48, 13, 38, 46, 4, 34, 21, 47, 43, 27, 7, 31]
Search 2, Board Attacks: 3   Current solution is[8, 15, 20, 29, 36, 0, 12, 14, 23, 32, 30, 39, 37, 22, 44, 2, 28, 10, 45, 11, 19, 40, 35, 26, 24, 1, 16, 49, 6, 33, 41, 25, 5, 18, 9, 3, 17, 42, 48, 13, 38, 46, 4, 34, 21, 47, 43, 27, 7, 31]

GOAL FAIL!   The current BEST solution is [8, 15, 20, 29, 36, 0, 12, 14, 23, 32, 30, 39, 37, 22, 44, 2, 28, 10, 45, 11, 19, 40, 35, 26, 24, 1, 16, 49, 6, 33, 41, 25, 5, 18, 9, 3, 17, 42, 48, 13, 38, 46, 4, 34, 21, 47, 43, 27, 7, 31]
======================================
RUN2   2018-12-03 18:34:39.227410
======================================
Search 1, Board Attacks: 5   Current solution is[48, 31, 39, 49, 40, 26, 17, 44, 47, 38, 25, 23, 8, 6, 3, 35, 10, 42, 19, 14, 4, 45, 7, 20, 15, 28, 32, 0, 41, 27, 37, 5, 13, 21, 36, 33, 2, 12, 24, 43, 18, 1, 22, 46, 30, 16, 29, 34, 9, 11]
Search 2, Board Attacks: 2   Current solution is[28, 31, 18, 49, 40, 26, 17, 44, 47, 38, 25, 23, 8, 6, 3, 35, 24, 42, 19, 14, 4, 45, 7, 20, 15, 48, 32, 0, 41, 27, 37, 5, 13, 21, 36, 33, 2, 12, 10, 43, 39, 1, 22, 46, 30, 16, 29, 34, 9, 11]
Search 3, Board Attacks: 1   Current solution is[18, 31, 28, 49, 40, 26, 17, 44, 47, 38, 25, 23, 8, 6, 3, 35, 24, 42, 19, 14, 4, 45, 7, 20, 15, 48, 32, 0, 41, 27, 37, 5, 13, 21, 36, 33, 2, 12, 10, 43, 39, 1, 22, 46, 30, 16, 29, 34, 9, 11]

GOAL FAIL!   The current BEST solution is [18, 31, 28, 49, 40, 26, 17, 44, 47, 38, 25, 23, 8, 6, 3, 35, 24, 42, 19, 14, 4, 45, 7, 20, 15, 48, 32, 0, 41, 27, 37, 5, 13, 21, 36, 33, 2, 12, 10, 43, 39, 1, 22, 46, 30, 16, 29, 34, 9, 11]
======================================
RUN3   2018-12-03 18:34:42.340627
======================================
Search 1, Board Attacks: 7   Current solution is[12, 19, 45, 18, 38, 28, 9, 4, 39, 26, 5, 1, 6, 41, 36, 13, 37, 27, 44, 0, 2, 22, 33, 15, 10, 49, 25, 31, 47, 30, 46, 8, 32, 40, 14, 43, 20, 24, 16, 7, 23, 29, 48, 42, 35, 21, 3, 34, 17, 11]
Search 2, Board Attacks: 2   Current solution is[45, 19, 34, 18, 38, 28, 2, 4, 39, 26, 12, 1, 6, 41, 36, 13, 37, 27, 44, 0, 9, 22, 33, 15, 10, 49, 25, 31, 47, 30, 42, 8, 32, 40, 14, 43, 20, 24, 16, 7, 23, 29, 48, 46, 35, 21, 3, 5, 17, 11]

GOAL FAIL!   The current BEST solution is [45, 19, 34, 18, 38, 28, 2, 4, 39, 26, 12, 1, 6, 41, 36, 13, 37, 27, 44, 0, 9, 22, 33, 15, 10, 49, 25, 31, 47, 30, 42, 8, 32, 40, 14, 43, 20, 24, 16, 7, 23, 29, 48, 46, 35, 21, 3, 5, 17, 11]
======================================
RUN4   2018-12-03 18:34:44.567160
======================================
Search 1, Board Attacks: 6   Current solution is[15, 17, 27, 7, 25, 36, 44, 12, 39, 41, 24, 26, 13, 49, 9, 23, 10, 31, 45, 47, 20, 33, 8, 22, 34, 18, 6, 30, 11, 42, 5, 2, 43, 40, 21, 1, 38, 28, 14, 3, 46, 29, 19, 35, 16, 4, 0, 32, 37, 48]
Search 2, Board Attacks: 2   Current solution is[44, 17, 48, 7, 25, 31, 15, 12, 39, 41, 24, 26, 13, 49, 9, 23, 10, 36, 45, 47, 20, 33, 8, 22, 34, 18, 6, 30, 11, 42, 5, 2, 43, 40, 21, 1, 38, 28, 14, 3, 46, 29, 19, 35, 16, 4, 0, 32, 37, 27]
Search 3, Board Attacks: 1   Current solution is[44, 17, 39, 7, 25, 31, 15, 12, 48, 41, 24, 26, 13, 49, 9, 23, 10, 36, 45, 47, 20, 33, 8, 22, 34, 18, 6, 30, 11, 42, 5, 2, 43, 40, 21, 1, 38, 28, 14, 3, 46, 29, 19, 35, 16, 4, 0, 32, 37, 27]

GOAL FAIL!   The current BEST solution is [44, 17, 39, 7, 25, 31, 15, 12, 48, 41, 24, 26, 13, 49, 9, 23, 10, 36, 45, 47, 20, 33, 8, 22, 34, 18, 6, 30, 11, 42, 5, 2, 43, 40, 21, 1, 38, 28, 14, 3, 46, 29, 19, 35, 16, 4, 0, 32, 37, 27]
======================================
RUN5   2018-12-03 18:34:47.517181
======================================
Search 1, Board Attacks: 5   Current solution is[35, 23, 44, 32, 8, 34, 22, 9, 45, 28, 19, 20, 13, 0, 26, 11, 31, 15, 4, 42, 46, 24, 14, 33, 38, 25, 43, 6, 49, 12, 41, 21, 17, 1, 29, 40, 37, 7, 27, 47, 3, 16, 48, 5, 10, 39, 18, 36, 30, 2]
Search 2, Board Attacks: 0   Current solution is[20, 23, 36, 32, 8, 37, 22, 9, 45, 28, 19, 35, 13, 0, 26, 11, 31, 10, 4, 42, 46, 24, 14, 33, 38, 25, 43, 6, 49, 12, 41, 21, 17, 1, 29, 40, 34, 7, 27, 47, 3, 16, 48, 5, 15, 39, 18, 44, 30, 2]

GOAL SUCCEED!   The solution is [20, 23, 36, 32, 8, 37, 22, 9, 45, 28, 19, 35, 13, 0, 26, 11, 31, 10, 4, 42, 46, 24, 14, 33, 38, 25, 43, 6, 49, 12, 41, 21, 17, 1, 29, 40, 34, 7, 27, 47, 3, 16, 48, 5, 15, 39, 18, 44, 30, 2]
======================================
RUN6   2018-12-03 18:34:49.817237
======================================
Search 1, Board Attacks: 3   Current solution is[30, 24, 37, 2, 6, 36, 23, 31, 46, 35, 38, 5, 15, 4, 20, 0, 12, 14, 40, 34, 32, 42, 47, 9, 19, 25, 16, 29, 7, 27, 3, 45, 33, 13, 41, 44, 11, 22, 49, 43, 21, 10, 26, 48, 1, 17, 28, 39, 18, 8]
Search 2, Board Attacks: 1   Current solution is[30, 24, 29, 2, 6, 36, 23, 31, 46, 35, 38, 5, 15, 0, 20, 4, 12, 14, 40, 34, 32, 42, 47, 9, 19, 25, 16, 37, 7, 27, 3, 45, 33, 13, 41, 44, 11, 22, 49, 43, 21, 10, 26, 48, 1, 17, 28, 39, 18, 8]
Search 3, Board Attacks: 0   Current solution is[30, 24, 38, 2, 6, 36, 23, 31, 46, 35, 29, 5, 15, 0, 20, 4, 12, 14, 40, 34, 32, 42, 47, 9, 19, 25, 16, 37, 7, 27, 3, 45, 33, 13, 41, 44, 11, 22, 49, 43, 21, 10, 26, 48, 1, 17, 28, 39, 18, 8]

GOAL SUCCEED!   The solution is [30, 24, 38, 2, 6, 36, 23, 31, 46, 35, 29, 5, 15, 0, 20, 4, 12, 14, 40, 34, 32, 42, 47, 9, 19, 25, 16, 37, 7, 27, 3, 45, 33, 13, 41, 44, 11, 22, 49, 43, 21, 10, 26, 48, 1, 17, 28, 39, 18, 8]
======================================
RUN7   2018-12-03 18:34:52.923526
======================================
Search 1, Board Attacks: 5   Current solution is[18, 16, 10, 1, 31, 28, 0, 43, 45, 27, 42, 4, 8, 35, 20, 13, 26, 46, 44, 3, 12, 38, 21, 34, 6, 32, 14, 29, 9, 15, 19, 47, 22, 5, 48, 39, 41, 7, 33, 36, 40, 24, 25, 30, 17, 23, 37, 11, 49, 2]
Search 2, Board Attacks: 2   Current solution is[13, 16, 10, 1, 31, 24, 0, 43, 45, 27, 42, 4, 8, 35, 20, 18, 26, 46, 44, 3, 12, 38, 21, 34, 6, 32, 14, 29, 9, 15, 19, 47, 22, 5, 48, 39, 41, 49, 33, 36, 40, 28, 25, 30, 17, 23, 37, 11, 7, 2]

GOAL FAIL!   The current BEST solution is [13, 16, 10, 1, 31, 24, 0, 43, 45, 27, 42, 4, 8, 35, 20, 18, 26, 46, 44, 3, 12, 38, 21, 34, 6, 32, 14, 29, 9, 15, 19, 47, 22, 5, 48, 39, 41, 49, 33, 36, 40, 28, 25, 30, 17, 23, 37, 11, 7, 2]
======================================
RUN8   2018-12-03 18:34:55.350363
======================================
Search 1, Board Attacks: 6   Current solution is[38, 0, 5, 37, 32, 40, 15, 25, 27, 24, 16, 45, 8, 35, 23, 48, 47, 7, 18, 10, 30, 44, 17, 2, 22, 41, 46, 1, 42, 12, 43, 20, 39, 6, 28, 26, 11, 49, 14, 19, 3, 34, 13, 21, 36, 33, 31, 29, 9, 4]
Search 2, Board Attacks: 1   Current solution is[38, 0, 32, 8, 5, 40, 48, 25, 27, 24, 16, 45, 37, 35, 23, 12, 47, 7, 18, 10, 30, 44, 17, 2, 22, 6, 46, 1, 42, 15, 43, 20, 39, 41, 28, 26, 11, 49, 14, 19, 3, 34, 13, 21, 36, 33, 31, 29, 9, 4]
Search 3, Board Attacks: 0   Current solution is[38, 0, 32, 8, 5, 40, 10, 25, 27, 24, 16, 45, 37, 35, 23, 12, 47, 7, 18, 48, 30, 44, 17, 2, 22, 6, 46, 1, 42, 15, 43, 20, 39, 41, 28, 26, 11, 49, 14, 19, 3, 34, 13, 21, 36, 33, 31, 29, 9, 4]

GOAL SUCCEED!   The solution is [38, 0, 32, 8, 5, 40, 10, 25, 27, 24, 16, 45, 37, 35, 23, 12, 47, 7, 18, 48, 30, 44, 17, 2, 22, 6, 46, 1, 42, 15, 43, 20, 39, 41, 28, 26, 11, 49, 14, 19, 3, 34, 13, 21, 36, 33, 31, 29, 9, 4]
======================================
RUN9   2018-12-03 18:34:58.237143
======================================
Search 1, Board Attacks: 5   Current solution is[30, 16, 17, 20, 39, 7, 42, 29, 46, 0, 34, 18, 33, 43, 37, 24, 21, 35, 8, 15, 47, 40, 2, 49, 3, 14, 19, 11, 38, 4, 25, 32, 48, 44, 31, 22, 28, 36, 41, 1, 10, 45, 27, 6, 12, 26, 13, 23, 5, 9]
Search 2, Board Attacks: 1   Current solution is[16, 30, 17, 20, 39, 7, 42, 29, 46, 0, 34, 18, 43, 33, 14, 24, 21, 35, 8, 15, 47, 40, 2, 49, 3, 37, 19, 11, 38, 4, 25, 32, 10, 44, 31, 22, 28, 36, 41, 1, 48, 45, 27, 6, 12, 26, 13, 23, 5, 9]

GOAL FAIL!   The current BEST solution is [16, 30, 17, 20, 39, 7, 42, 29, 46, 0, 34, 18, 43, 33, 14, 24, 21, 35, 8, 15, 47, 40, 2, 49, 3, 37, 19, 11, 38, 4, 25, 32, 10, 44, 31, 22, 28, 36, 41, 1, 48, 45, 27, 6, 12, 26, 13, 23, 5, 9]
======================================
RUN10   2018-12-03 18:35:00.660015
======================================
Search 1, Board Attacks: 4   Current solution is[0, 43, 33, 44, 18, 35, 7, 23, 29, 8, 22, 48, 31, 2, 19, 24, 49, 9, 38, 6, 11, 46, 21, 28, 34, 13, 16, 36, 41, 26, 45, 5, 30, 17, 40, 14, 47, 4, 32, 25, 42, 12, 37, 3, 10, 15, 39, 1, 20, 27]
Search 2, Board Attacks: 1   Current solution is[28, 8, 33, 21, 18, 35, 7, 23, 29, 43, 22, 48, 31, 2, 19, 24, 49, 9, 38, 6, 11, 46, 44, 0, 34, 13, 16, 36, 41, 26, 45, 5, 30, 17, 40, 14, 47, 4, 32, 25, 42, 12, 37, 3, 10, 15, 39, 1, 20, 27]

GOAL FAIL!   The current BEST solution is [28, 8, 33, 21, 18, 35, 7, 23, 29, 43, 22, 48, 31, 2, 19, 24, 49, 9, 38, 6, 11, 46, 44, 0, 34, 13, 16, 36, 41, 26, 45, 5, 30, 17, 40, 14, 47, 4, 32, 25, 42, 12, 37, 3, 10, 15, 39, 1, 20, 27]
======================================
RUN11   2018-12-03 18:35:02.887092
======================================
Search 1, Board Attacks: 7   Current solution is[15, 0, 44, 30, 10, 27, 14, 8, 21, 42, 3, 16, 25, 32, 39, 9, 18, 48, 41, 45, 43, 4, 40, 19, 34, 6, 23, 17, 38, 1, 20, 26, 24, 36, 5, 46, 2, 49, 22, 13, 31, 35, 28, 47, 11, 33, 29, 7, 37, 12]
Search 2, Board Attacks: 1   Current solution is[0, 21, 38, 30, 10, 27, 14, 8, 15, 42, 3, 16, 25, 32, 39, 13, 18, 48, 17, 45, 43, 4, 40, 19, 34, 6, 23, 41, 44, 1, 20, 26, 24, 36, 5, 46, 2, 49, 22, 9, 31, 35, 28, 47, 11, 33, 29, 7, 37, 12]
Search 3, Board Attacks: 0   Current solution is[29, 21, 38, 30, 10, 27, 14, 8, 15, 42, 3, 16, 25, 32, 39, 13, 18, 48, 17, 45, 43, 4, 40, 19, 34, 6, 23, 41, 44, 1, 20, 26, 24, 36, 5, 46, 2, 49, 22, 9, 31, 35, 28, 47, 11, 33, 0, 7, 37, 12]

GOAL SUCCEED!   The solution is [29, 21, 38, 30, 10, 27, 14, 8, 15, 42, 3, 16, 25, 32, 39, 13, 18, 48, 17, 45, 43, 4, 40, 19, 34, 6, 23, 41, 44, 1, 20, 26, 24, 36, 5, 46, 2, 49, 22, 9, 31, 35, 28, 47, 11, 33, 0, 7, 37, 12]
======================================
RUN12   2018-12-03 18:35:05.900691
======================================
Search 1, Board Attacks: 6   Current solution is[34, 17, 9, 43, 36, 42, 38, 14, 39, 24, 2, 46, 37, 26, 13, 35, 25, 47, 8, 32, 22, 10, 16, 44, 48, 20, 11, 1, 4, 7, 49, 45, 30, 15, 18, 0, 23, 3, 5, 31, 28, 12, 21, 40, 27, 41, 19, 33, 29, 6]
Search 2, Board Attacks: 3   Current solution is[34, 17, 36, 43, 9, 32, 38, 14, 39, 24, 16, 46, 37, 26, 13, 35, 25, 47, 8, 42, 22, 10, 2, 44, 48, 20, 11, 1, 4, 7, 49, 45, 30, 15, 18, 0, 23, 3, 5, 31, 28, 12, 21, 40, 27, 41, 19, 33, 29, 6]
Search 3, Board Attacks: 1   Current solution is[11, 17, 36, 43, 9, 32, 38, 14, 39, 24, 16, 46, 37, 26, 13, 35, 25, 47, 8, 42, 22, 10, 2, 44, 48, 20, 34, 1, 4, 7, 49, 45, 30, 15, 18, 0, 23, 3, 5, 31, 28, 12, 21, 40, 27, 41, 19, 33, 29, 6]

GOAL FAIL!   The current BEST solution is [11, 17, 36, 43, 9, 32, 38, 14, 39, 24, 16, 46, 37, 26, 13, 35, 25, 47, 8, 42, 22, 10, 2, 44, 48, 20, 34, 1, 4, 7, 49, 45, 30, 15, 18, 0, 23, 3, 5, 31, 28, 12, 21, 40, 27, 41, 19, 33, 29, 6]
======================================
RUN13   2018-12-03 18:35:09.110663
======================================
Search 1, Board Attacks: 4   Current solution is[44, 31, 6, 39, 12, 22, 18, 49, 35, 42, 28, 25, 41, 27, 48, 46, 17, 3, 10, 38, 11, 26, 1, 45, 13, 21, 29, 33, 37, 20, 5, 8, 16, 30, 0, 15, 47, 4, 7, 32, 40, 36, 24, 2, 14, 9, 23, 34, 19, 43]
Search 2, Board Attacks: 2   Current solution is[44, 31, 23, 39, 12, 22, 18, 49, 35, 42, 28, 25, 2, 27, 48, 46, 17, 3, 10, 38, 11, 26, 1, 45, 13, 21, 29, 33, 37, 20, 5, 8, 16, 30, 0, 15, 47, 4, 7, 32, 40, 36, 24, 41, 14, 9, 6, 34, 19, 43]
Search 3, Board Attacks: 1   Current solution is[44, 31, 23, 39, 12, 22, 18, 11, 35, 42, 28, 25, 2, 27, 48, 46, 17, 3, 10, 38, 49, 26, 1, 45, 13, 21, 29, 33, 37, 20, 5, 8, 16, 30, 0, 15, 47, 4, 7, 32, 40, 36, 24, 41, 14, 9, 6, 34, 19, 43]

GOAL FAIL!   The current BEST solution is [44, 31, 23, 39, 12, 22, 18, 11, 35, 42, 28, 25, 2, 27, 48, 46, 17, 3, 10, 38, 49, 26, 1, 45, 13, 21, 29, 33, 37, 20, 5, 8, 16, 30, 0, 15, 47, 4, 7, 32, 40, 36, 24, 41, 14, 9, 6, 34, 19, 43]
======================================
RUN14   2018-12-03 18:35:12.193539
======================================
Search 1, Board Attacks: 11   Current solution is[22, 30, 12, 28, 13, 10, 8, 29, 14, 41, 32, 43, 40, 46, 37, 11, 5, 0, 19, 38, 18, 34, 1, 9, 24, 3, 42, 31, 21, 17, 45, 16, 44, 48, 33, 6, 26, 7, 35, 25, 47, 49, 23, 2, 39, 27, 20, 4, 15, 36]
Search 2, Board Attacks: 2   Current solution is[30, 12, 22, 28, 4, 48, 8, 43, 14, 18, 32, 29, 40, 46, 37, 11, 5, 0, 19, 38, 41, 34, 1, 9, 24, 3, 42, 31, 21, 17, 45, 16, 44, 10, 33, 6, 26, 7, 35, 25, 47, 49, 23, 2, 39, 27, 20, 13, 15, 36]

GOAL FAIL!   The current BEST solution is [30, 12, 22, 28, 4, 48, 8, 43, 14, 18, 32, 29, 40, 46, 37, 11, 5, 0, 19, 38, 41, 34, 1, 9, 24, 3, 42, 31, 21, 17, 45, 16, 44, 10, 33, 6, 26, 7, 35, 25, 47, 49, 23, 2, 39, 27, 20, 13, 15, 36]
======================================
RUN15   2018-12-03 18:35:14.240190
======================================
Search 1, Board Attacks: 3   Current solution is[14, 31, 6, 11, 9, 39, 32, 22, 1, 27, 45, 20, 28, 38, 5, 2, 12, 3, 24, 26, 40, 43, 19, 35, 13, 49, 8, 30, 7, 48, 18, 41, 15, 17, 36, 34, 10, 29, 33, 4, 25, 21, 23, 46, 44, 16, 47, 37, 42, 0]
Search 2, Board Attacks: 2   Current solution is[33, 31, 6, 11, 9, 39, 32, 22, 1, 27, 45, 20, 28, 38, 5, 2, 12, 3, 24, 26, 40, 43, 19, 35, 13, 49, 8, 30, 7, 48, 18, 41, 15, 17, 36, 34, 10, 29, 14, 4, 25, 21, 23, 46, 44, 16, 47, 37, 42, 0]

GOAL FAIL!   The current BEST solution is [33, 31, 6, 11, 9, 39, 32, 22, 1, 27, 45, 20, 28, 38, 5, 2, 12, 3, 24, 26, 40, 43, 19, 35, 13, 49, 8, 30, 7, 48, 18, 41, 15, 17, 36, 34, 10, 29, 14, 4, 25, 21, 23, 46, 44, 16, 47, 37, 42, 0]
======================================
RUN16   2018-12-03 18:35:16.613854
======================================
Search 1, Board Attacks: 6   Current solution is[18, 7, 46, 47, 8, 39, 27, 16, 35, 29, 0, 40, 45, 34, 25, 15, 13, 49, 23, 4, 33, 24, 48, 12, 31, 1, 41, 9, 22, 3, 38, 30, 44, 42, 6, 2, 37, 17, 21, 10, 32, 11, 20, 36, 19, 26, 14, 43, 5, 28]
Search 2, Board Attacks: 0   Current solution is[46, 7, 16, 28, 8, 39, 27, 18, 35, 29, 5, 40, 45, 43, 10, 15, 13, 49, 23, 4, 33, 24, 48, 12, 31, 1, 41, 9, 22, 3, 38, 30, 44, 42, 6, 2, 37, 17, 21, 25, 32, 11, 20, 36, 19, 26, 14, 34, 0, 47]

GOAL SUCCEED!   The solution is [46, 7, 16, 28, 8, 39, 27, 18, 35, 29, 5, 40, 45, 43, 10, 15, 13, 49, 23, 4, 33, 24, 48, 12, 31, 1, 41, 9, 22, 3, 38, 30, 44, 42, 6, 2, 37, 17, 21, 25, 32, 11, 20, 36, 19, 26, 14, 34, 0, 47]
======================================
RUN17   2018-12-03 18:35:18.820466
======================================
Search 1, Board Attacks: 5   Current solution is[30, 19, 6, 20, 47, 8, 34, 45, 40, 9, 4, 13, 31, 25, 12, 41, 23, 48, 32, 39, 43, 46, 10, 3, 37, 22, 27, 1, 38, 35, 15, 17, 24, 11, 42, 0, 44, 18, 49, 2, 29, 36, 33, 16, 5, 26, 28, 7, 14, 21]
Search 2, Board Attacks: 1   Current solution is[30, 19, 17, 20, 47, 8, 34, 3, 40, 9, 4, 13, 31, 25, 12, 18, 23, 48, 32, 39, 43, 46, 10, 45, 37, 22, 27, 1, 38, 35, 15, 6, 24, 11, 21, 0, 44, 41, 49, 2, 29, 36, 33, 16, 5, 26, 28, 7, 14, 42]

GOAL FAIL!   The current BEST solution is [30, 19, 17, 20, 47, 8, 34, 3, 40, 9, 4, 13, 31, 25, 12, 18, 23, 48, 32, 39, 43, 46, 10, 45, 37, 22, 27, 1, 38, 35, 15, 6, 24, 11, 21, 0, 44, 41, 49, 2, 29, 36, 33, 16, 5, 26, 28, 7, 14, 42]
======================================
RUN18   2018-12-03 18:35:20.998590
======================================
Search 1, Board Attacks: 3   Current solution is[8, 34, 48, 26, 49, 29, 12, 2, 22, 13, 31, 33, 11, 43, 10, 1, 16, 3, 19, 36, 7, 47, 40, 20, 14, 38, 35, 21, 23, 44, 37, 5, 32, 25, 18, 4, 24, 28, 41, 15, 6, 46, 27, 45, 42, 0, 39, 30, 9, 17]
Search 2, Board Attacks: 2   Current solution is[8, 34, 48, 26, 49, 29, 12, 2, 22, 13, 31, 33, 11, 43, 10, 1, 16, 23, 19, 36, 7, 47, 40, 20, 14, 38, 35, 21, 3, 44, 37, 5, 32, 25, 18, 4, 24, 28, 41, 15, 6, 46, 27, 45, 42, 0, 39, 30, 9, 17]

GOAL FAIL!   The current BEST solution is [8, 34, 48, 26, 49, 29, 12, 2, 22, 13, 31, 33, 11, 43, 10, 1, 16, 23, 19, 36, 7, 47, 40, 20, 14, 38, 35, 21, 3, 44, 37, 5, 32, 25, 18, 4, 24, 28, 41, 15, 6, 46, 27, 45, 42, 0, 39, 30, 9, 17]
======================================
RUN19   2018-12-03 18:35:23.370410
======================================
Search 1, Board Attacks: 6   Current solution is[46, 22, 34, 47, 21, 24, 39, 16, 5, 33, 6, 8, 17, 42, 30, 25, 23, 18, 36, 2, 40, 44, 11, 4, 35, 31, 48, 7, 15, 29, 32, 1, 9, 19, 3, 37, 27, 45, 13, 10, 14, 12, 41, 38, 26, 43, 49, 20, 0, 28]
Search 2, Board Attacks: 3   Current solution is[46, 5, 34, 47, 21, 24, 39, 16, 22, 33, 6, 36, 17, 42, 30, 25, 23, 18, 8, 2, 40, 44, 11, 4, 35, 31, 48, 7, 15, 29, 32, 1, 9, 19, 3, 37, 27, 45, 13, 10, 14, 12, 41, 38, 26, 43, 49, 20, 0, 28]

GOAL FAIL!   The current BEST solution is [46, 5, 34, 47, 21, 24, 39, 16, 22, 33, 6, 36, 17, 42, 30, 25, 23, 18, 8, 2, 40, 44, 11, 4, 35, 31, 48, 7, 15, 29, 32, 1, 9, 19, 3, 37, 27, 45, 13, 10, 14, 12, 41, 38, 26, 43, 49, 20, 0, 28]
======================================
RUN20   2018-12-03 18:35:25.652734
======================================
Search 1, Board Attacks: 8   Current solution is[14, 7, 10, 24, 44, 17, 40, 18, 43, 3, 35, 38, 34, 16, 33, 30, 25, 42, 21, 31, 12, 11, 13, 8, 29, 1, 49, 27, 41, 36, 28, 6, 4, 0, 9, 22, 32, 39, 48, 23, 2, 20, 37, 47, 45, 15, 26, 5, 19, 46]
Search 2, Board Attacks: 3   Current solution is[14, 7, 35, 24, 34, 6, 40, 18, 43, 3, 10, 38, 44, 16, 33, 30, 25, 42, 21, 31, 12, 45, 13, 8, 29, 1, 49, 27, 41, 36, 28, 17, 4, 0, 9, 22, 32, 39, 48, 23, 2, 20, 37, 47, 11, 15, 26, 5, 19, 46]
Search 3, Board Attacks: 2   Current solution is[14, 0, 35, 24, 34, 6, 40, 18, 43, 3, 10, 38, 44, 16, 33, 30, 25, 42, 21, 31, 12, 45, 13, 8, 29, 1, 49, 27, 41, 36, 28, 17, 4, 7, 9, 22, 32, 39, 48, 23, 2, 20, 37, 47, 11, 15, 26, 5, 19, 46]
Search 4, Board Attacks: 1   Current solution is[14, 21, 35, 24, 34, 6, 40, 18, 43, 3, 10, 38, 44, 16, 33, 30, 25, 42, 0, 31, 12, 45, 13, 8, 29, 1, 49, 27, 41, 36, 28, 17, 4, 7, 9, 22, 32, 39, 48, 23, 2, 20, 37, 47, 11, 15, 26, 5, 19, 46]

GOAL FAIL!   The current BEST solution is [14, 21, 35, 24, 34, 6, 40, 18, 43, 3, 10, 38, 44, 16, 33, 30, 25, 42, 0, 31, 12, 45, 13, 8, 29, 1, 49, 27, 41, 36, 28, 17, 4, 7, 9, 22, 32, 39, 48, 23, 2, 20, 37, 47, 11, 15, 26, 5, 19, 46]
======================================
RUN21   2018-12-03 18:35:29.455381
======================================
Search 1, Board Attacks: 2   Current solution is[37, 47, 30, 26, 24, 4, 7, 48, 32, 21, 29, 46, 27, 34, 44, 8, 1, 3, 13, 6, 18, 12, 19, 40, 35, 28, 10, 23, 17, 42, 2, 49, 11, 33, 36, 25, 16, 41, 43, 45, 9, 15, 0, 31, 38, 20, 22, 39, 14, 5]
Search 2, Board Attacks: 1   Current solution is[37, 47, 24, 26, 30, 4, 7, 48, 32, 21, 29, 46, 27, 34, 44, 8, 1, 3, 13, 6, 18, 12, 19, 40, 35, 28, 10, 23, 17, 42, 2, 49, 11, 33, 36, 25, 16, 41, 43, 45, 9, 15, 0, 31, 38, 20, 22, 39, 14, 5]

GOAL FAIL!   The current BEST solution is [37, 47, 24, 26, 30, 4, 7, 48, 32, 21, 29, 46, 27, 34, 44, 8, 1, 3, 13, 6, 18, 12, 19, 40, 35, 28, 10, 23, 17, 42, 2, 49, 11, 33, 36, 25, 16, 41, 43, 45, 9, 15, 0, 31, 38, 20, 22, 39, 14, 5]
======================================
RUN22   2018-12-03 18:35:31.658501
======================================
Search 1, Board Attacks: 4   Current solution is[13, 19, 29, 36, 34, 24, 26, 48, 8, 25, 11, 7, 3, 17, 47, 30, 44, 12, 40, 31, 4, 1, 33, 28, 22, 46, 9, 41, 20, 15, 23, 21, 5, 43, 2, 42, 39, 6, 32, 10, 16, 38, 0, 14, 18, 27, 45, 49, 35, 37]
Search 2, Board Attacks: 1   Current solution is[13, 19, 29, 24, 34, 36, 48, 26, 8, 25, 11, 7, 3, 17, 47, 30, 44, 12, 40, 31, 4, 1, 33, 28, 22, 14, 9, 41, 20, 15, 23, 21, 5, 43, 2, 42, 39, 6, 32, 10, 16, 38, 0, 46, 18, 27, 45, 49, 35, 37]
Search 3, Board Attacks: 0   Current solution is[13, 19, 29, 24, 34, 36, 48, 26, 8, 25, 11, 7, 3, 17, 47, 30, 44, 12, 40, 31, 46, 1, 33, 28, 22, 14, 9, 41, 20, 15, 23, 21, 5, 43, 2, 42, 39, 6, 32, 10, 16, 38, 0, 4, 18, 27, 45, 49, 35, 37]

GOAL SUCCEED!   The solution is [13, 19, 29, 24, 34, 36, 48, 26, 8, 25, 11, 7, 3, 17, 47, 30, 44, 12, 40, 31, 46, 1, 33, 28, 22, 14, 9, 41, 20, 15, 23, 21, 5, 43, 2, 42, 39, 6, 32, 10, 16, 38, 0, 4, 18, 27, 45, 49, 35, 37]
======================================
RUN23   2018-12-03 18:35:34.680742
======================================
Search 1, Board Attacks: 3   Current solution is[40, 34, 48, 46, 22, 11, 33, 3, 28, 8, 9, 13, 2, 29, 32, 17, 31, 5, 35, 6, 24, 10, 36, 47, 37, 44, 26, 1, 23, 0, 15, 7, 16, 41, 25, 42, 45, 4, 30, 18, 20, 38, 12, 21, 27, 43, 39, 19, 49, 14]
Search 2, Board Attacks: 1   Current solution is[40, 34, 32, 8, 22, 11, 33, 3, 28, 46, 9, 13, 2, 29, 48, 17, 31, 5, 35, 6, 24, 10, 36, 47, 37, 44, 26, 1, 23, 0, 15, 7, 16, 41, 25, 42, 45, 4, 30, 18, 20, 38, 12, 21, 27, 43, 39, 19, 49, 14]
Search 3, Board Attacks: 0   Current solution is[40, 34, 13, 8, 22, 11, 33, 3, 28, 46, 9, 32, 2, 29, 48, 17, 31, 5, 35, 6, 24, 10, 36, 47, 37, 44, 26, 1, 23, 0, 15, 7, 16, 41, 25, 42, 45, 4, 30, 18, 20, 38, 12, 21, 27, 43, 39, 19, 49, 14]

GOAL SUCCEED!   The solution is [40, 34, 13, 8, 22, 11, 33, 3, 28, 46, 9, 32, 2, 29, 48, 17, 31, 5, 35, 6, 24, 10, 36, 47, 37, 44, 26, 1, 23, 0, 15, 7, 16, 41, 25, 42, 45, 4, 30, 18, 20, 38, 12, 21, 27, 43, 39, 19, 49, 14]
======================================
RUN24   2018-12-03 18:35:37.664555
======================================
Search 1, Board Attacks: 5   Current solution is[17, 12, 35, 0, 20, 18, 27, 26, 36, 32, 13, 45, 37, 14, 34, 19, 5, 46, 25, 38, 11, 43, 8, 22, 1, 29, 10, 39, 24, 31, 2, 40, 3, 9, 21, 30, 44, 42, 48, 7, 49, 33, 16, 4, 6, 23, 15, 41, 28, 47]
Search 2, Board Attacks: 1   Current solution is[17, 27, 35, 0, 20, 18, 12, 44, 36, 32, 29, 45, 37, 14, 34, 19, 5, 46, 25, 40, 11, 43, 8, 22, 1, 13, 10, 39, 24, 31, 2, 38, 3, 9, 21, 30, 26, 42, 48, 7, 49, 33, 16, 4, 6, 23, 15, 41, 28, 47]

GOAL FAIL!   The current BEST solution is [17, 27, 35, 0, 20, 18, 12, 44, 36, 32, 29, 45, 37, 14, 34, 19, 5, 46, 25, 40, 11, 43, 8, 22, 1, 13, 10, 39, 24, 31, 2, 38, 3, 9, 21, 30, 26, 42, 48, 7, 49, 33, 16, 4, 6, 23, 15, 41, 28, 47]
======================================
RUN25   2018-12-03 18:35:39.738789
======================================
Search 1, Board Attacks: 3   Current solution is[27, 32, 13, 37, 22, 33, 7, 10, 49, 30, 8, 21, 2, 45, 28, 38, 5, 43, 42, 0, 36, 25, 9, 6, 19, 44, 41, 18, 12, 23, 4, 39, 17, 40, 47, 1, 35, 29, 24, 16, 11, 34, 15, 48, 46, 14, 26, 3, 20, 31]
Search 2, Board Attacks: 2   Current solution is[27, 32, 13, 43, 22, 33, 7, 10, 49, 30, 8, 21, 2, 45, 28, 38, 5, 37, 42, 0, 36, 25, 9, 6, 19, 44, 41, 18, 12, 23, 4, 39, 17, 40, 47, 1, 35, 29, 24, 16, 11, 34, 15, 48, 46, 14, 26, 3, 20, 31]
Search 3, Board Attacks: 1   Current solution is[25, 32, 13, 43, 22, 33, 7, 10, 49, 30, 8, 21, 2, 45, 28, 38, 5, 37, 42, 0, 36, 27, 9, 6, 19, 44, 41, 18, 12, 23, 4, 39, 17, 40, 47, 1, 35, 29, 24, 16, 11, 34, 15, 48, 46, 14, 26, 3, 20, 31]

GOAL FAIL!   The current BEST solution is [25, 32, 13, 43, 22, 33, 7, 10, 49, 30, 8, 21, 2, 45, 28, 38, 5, 37, 42, 0, 36, 27, 9, 6, 19, 44, 41, 18, 12, 23, 4, 39, 17, 40, 47, 1, 35, 29, 24, 16, 11, 34, 15, 48, 46, 14, 26, 3, 20, 31]
======================================
RUN26   2018-12-03 18:35:42.876140
======================================
Search 1, Board Attacks: 7   Current solution is[32, 46, 24, 16, 38, 15, 3, 7, 37, 12, 2, 9, 23, 33, 28, 17, 29, 34, 5, 43, 10, 44, 21, 8, 13, 0, 45, 42, 1, 27, 31, 39, 6, 49, 14, 41, 18, 30, 22, 20, 47, 11, 25, 48, 35, 4, 40, 19, 36, 26]
Search 2, Board Attacks: 0   Current solution is[38, 9, 24, 30, 32, 15, 3, 7, 39, 12, 2, 46, 23, 33, 28, 17, 29, 34, 5, 43, 10, 44, 21, 8, 13, 0, 45, 42, 1, 27, 31, 49, 41, 37, 14, 6, 18, 16, 22, 20, 47, 11, 25, 48, 35, 4, 40, 19, 36, 26]

GOAL SUCCEED!   The solution is [38, 9, 24, 30, 32, 15, 3, 7, 39, 12, 2, 46, 23, 33, 28, 17, 29, 34, 5, 43, 10, 44, 21, 8, 13, 0, 45, 42, 1, 27, 31, 49, 41, 37, 14, 6, 18, 16, 22, 20, 47, 11, 25, 48, 35, 4, 40, 19, 36, 26]
======================================
RUN27   2018-12-03 18:35:44.968685
======================================
Search 1, Board Attacks: 4   Current solution is[18, 0, 14, 1, 28, 38, 31, 34, 19, 47, 25, 4, 29, 36, 9, 43, 12, 37, 2, 11, 6, 24, 20, 44, 33, 27, 3, 21, 42, 39, 8, 22, 32, 7, 5, 48, 41, 45, 35, 40, 46, 30, 49, 26, 16, 10, 15, 23, 17, 13]
Search 2, Board Attacks: 1   Current solution is[18, 23, 14, 7, 28, 38, 31, 15, 19, 47, 25, 4, 29, 36, 9, 43, 12, 37, 2, 11, 6, 24, 20, 44, 33, 27, 3, 21, 42, 39, 8, 22, 32, 1, 5, 48, 41, 45, 35, 40, 46, 30, 49, 26, 16, 10, 34, 0, 17, 13]

GOAL FAIL!   The current BEST solution is [18, 23, 14, 7, 28, 38, 31, 15, 19, 47, 25, 4, 29, 36, 9, 43, 12, 37, 2, 11, 6, 24, 20, 44, 33, 27, 3, 21, 42, 39, 8, 22, 32, 1, 5, 48, 41, 45, 35, 40, 46, 30, 49, 26, 16, 10, 34, 0, 17, 13]
======================================
RUN28   2018-12-03 18:35:47.185437
======================================
Search 1, Board Attacks: 4   Current solution is[24, 32, 39, 23, 5, 33, 20, 25, 19, 30, 35, 26, 29, 12, 44, 2, 6, 46, 18, 16, 36, 47, 41, 17, 37, 48, 4, 49, 1, 21, 13, 34, 40, 38, 0, 9, 11, 22, 10, 15, 3, 43, 28, 31, 42, 7, 14, 8, 27, 45]
Search 2, Board Attacks: 1   Current solution is[24, 32, 49, 46, 5, 33, 20, 25, 19, 30, 35, 26, 3, 12, 44, 2, 6, 23, 18, 16, 36, 47, 41, 17, 37, 48, 4, 39, 1, 21, 13, 34, 40, 38, 0, 9, 11, 22, 10, 15, 29, 43, 28, 31, 42, 7, 14, 8, 27, 45]

GOAL FAIL!   The current BEST solution is [24, 32, 49, 46, 5, 33, 20, 25, 19, 30, 35, 26, 3, 12, 44, 2, 6, 23, 18, 16, 36, 47, 41, 17, 37, 48, 4, 39, 1, 21, 13, 34, 40, 38, 0, 9, 11, 22, 10, 15, 29, 43, 28, 31, 42, 7, 14, 8, 27, 45]
======================================
RUN29   2018-12-03 18:35:49.386210
======================================
Search 1, Board Attacks: 7   Current solution is[4, 42, 12, 24, 25, 5, 37, 27, 33, 8, 14, 48, 19, 10, 16, 18, 31, 34, 32, 35, 28, 45, 7, 46, 20, 0, 6, 49, 39, 41, 22, 26, 23, 15, 13, 36, 9, 1, 44, 29, 21, 17, 47, 3, 30, 38, 40, 2, 43, 11]
Search 2, Board Attacks: 2   Current solution is[42, 25, 12, 24, 31, 5, 37, 27, 33, 8, 43, 48, 19, 10, 16, 18, 4, 34, 32, 35, 28, 45, 7, 46, 20, 0, 6, 49, 39, 41, 22, 26, 23, 15, 13, 36, 9, 1, 44, 29, 21, 17, 47, 3, 30, 38, 40, 2, 14, 11]
Search 3, Board Attacks: 1   Current solution is[15, 25, 12, 24, 31, 5, 37, 27, 33, 8, 43, 48, 19, 10, 16, 18, 4, 34, 32, 35, 28, 45, 7, 46, 20, 0, 6, 49, 39, 41, 22, 26, 23, 42, 13, 36, 9, 1, 44, 29, 21, 17, 47, 3, 30, 38, 40, 2, 14, 11]

GOAL FAIL!   The current BEST solution is [15, 25, 12, 24, 31, 5, 37, 27, 33, 8, 43, 48, 19, 10, 16, 18, 4, 34, 32, 35, 28, 45, 7, 46, 20, 0, 6, 49, 39, 41, 22, 26, 23, 42, 13, 36, 9, 1, 44, 29, 21, 17, 47, 3, 30, 38, 40, 2, 14, 11]
======================================
RUN30   2018-12-03 18:35:52.352426
======================================
Search 1, Board Attacks: 5   Current solution is[7, 25, 14, 10, 28, 15, 39, 24, 26, 5, 49, 48, 23, 38, 16, 0, 46, 6, 40, 27, 1, 19, 2, 42, 30, 13, 47, 41, 29, 45, 9, 21, 4, 8, 18, 34, 36, 33, 12, 22, 31, 44, 11, 20, 3, 37, 32, 17, 35, 43]
Search 2, Board Attacks: 0   Current solution is[28, 25, 14, 10, 49, 15, 39, 11, 26, 18, 7, 48, 23, 38, 16, 0, 46, 6, 40, 27, 1, 19, 2, 42, 30, 13, 47, 41, 29, 45, 9, 21, 4, 8, 3, 34, 36, 33, 12, 22, 31, 44, 24, 20, 5, 37, 32, 17, 35, 43]

GOAL SUCCEED!   The solution is [28, 25, 14, 10, 49, 15, 39, 11, 26, 18, 7, 48, 23, 38, 16, 0, 46, 6, 40, 27, 1, 19, 2, 42, 30, 13, 47, 41, 29, 45, 9, 21, 4, 8, 3, 34, 36, 33, 12, 22, 31, 44, 24, 20, 5, 37, 32, 17, 35, 43]
============================================================
Begin Time: 2018-12-03 18:34:37.086224
Finish Time: 2018-12-03 18:35:54.614961
Total Runs: 30
Total Success: 9
Success Percentage: 0.3
Average number of steps: 2.433333333333333
============================================================
>>> Total Elapsed Time: 0:01:17.528976
